 &FCI NORB=   8,NELEC= 8,MS2=0,
  ORBSYM=1,1,1,1,1,1,1,1,
  ISYM=1,
 &END
 0.7788677501312953    1    1    1    1
 -0.006346400683708774    1    1    2    1
 0.2485186455494304    1    1    2    2
 0.0005575273304773762    1    1    3    1
 -0.001650803193449341    1    1    3    2
 0.1248491209942468    1    1    3    3
 -4.154020820622076e-05    1    1    4    1
 0.0001293345294787259    1    1    4    2
 -0.0003353060937544368    1    1    4    3
 0.0832562701178738    1    1    4    4
 2.97804379440085e-06    1    1    5    1
 -9.643598697419658e-06    1    1    5    2
 3.06397267140046e-05    1    1    5    3
 -0.0001190520894517753    1    1    5    4
 0.06245655996493904    1    1    5    5
 -2.123620226808808e-07    1    1    6    1
 7.026372994164411e-07    1    1    6    2
 -2.511389203207389e-06    1    1    6    3
 1.193380318347116e-05    1    1    6    4
 -5.547178630297254e-05    1    1    6    5
 0.04997251097790603    1    1    6    6
 1.518547539118176e-08    1    1    7    1
 -5.088229765298072e-08    1    1    7    2
 1.944355494637606e-07    1    1    7    3
 -1.040496809734405e-06    1    1    7    4
 5.898541902744226e-06    1    1    7    5
 -3.023215338417021e-05    1    1    7    6
 0.04164769798142965    1    1    7    7
 -1.083170644807391e-09    1    1    8    1
 3.657986996806184e-09    1    1    8    2
 -1.456190990987265e-08    1    1    8    3
 8.32083246703579e-08    1    1    8    4
 -5.287341487153605e-07    1    1    8    5
 3.268216919313524e-06    1    1    8    6
 -1.728419587026446e-05    1    1    8    7
 0.03568821769564051    1    1    8    8
 -0.006346400683708761    2    1    1    1
 0.00107943266587804    2    1    2    1
 -0.006340876177506007    2    1    2    2
 -3.737170786557462e-05    2    1    3    1
 -2.864887205455687e-05    2    1    3    2
 -0.001636972529709997    2    1    3    3
 2.286285146406485e-06    2    1    4    1
 -1.589425179868843e-06    2    1    4    2
 2.613632977606978e-05    2    1    4    3
 -0.0003294797682927963    2    1    4    4
 -1.501479158434938e-07    2    1    5    1
 1.925943268001855e-07    2    1    5    2
 -1.834566602714792e-06    2    1    5    3
 2.931198854236564e-06    2    1    5    4
 -0.0001159017860657597    2    1    5    5
 1.017256188877062e-08    2    1    6    1
 -1.55915454695081e-08    2    1    6    2
 1.27165175761345e-07    2    1    6    3
 -2.344768355725358e-07    2    1    6    4
 6.34014921314603e-07    2    1    6    5
 -5.350895656323974e-05    2    1    6    6
 -7.031987647806481e-10    2    1    7    1
 1.167703712502549e-09    2    1    7    2
 -8.829809315147168e-09    2    1    7    3
 1.748881039007252e-08    2    1    7    4
 -5.600493387074337e-08    2    1    7    5
 1.992414423629802e-07    2    1    7    6
 -2.890230073971107e-05    2    1    7    7
 4.897868438502426e-11    2    1    8    1
 -8.50416936074346e-11    2    1    8    2
 6.141731500676734e-10    2    1    8    3
 -1.257022724710801e-09    2    1    8    4
 4.401518105461446e-09    2    1    8    5
 -1.86399579221682e-08    2    1    8    6
 7.634987597909092e-08    2    1    8    7
 -1.728419587026856e-05    2    1    8    8
 0.2485186455494303    2    2    1    1
 -0.006340876177506023    2    2    2    1
 0.7827815461024931    2    2    2    2
 -0.0002951731802789631    2    2    3    1
 -0.006418366769340801    2    2    3    2
 0.2489916930625431    2    2    3    3
 1.144958277188048e-05    2    2    4    1
 0.0005634228313974844    2    2    4    2
 -0.001656706947562025    2    2    4    3
 0.1249861956499037    2    2    4    4
 -4.514444538538505e-07    2    2    5    1
 -4.197857013739345e-05    2    2    5    2
 0.0001297665545697678    2    2    5    3
 -0.0003361420632984087    2    2    5    4
 0.08331989416255524    2    2    5    5
 1.883881583686268e-08    2    2    6    1
 3.009708936531299e-06    2    2    6    2
 -9.674338905826997e-06    2    2    6    3
 3.071008826275986e-05    2    2    6    4
 -0.0001192745967342667    2    2    6    5
 0.0624931343517989    2    2    6    6
 -7.89576902331077e-10    2    2    7    1
 -2.146308970517686e-07    2    2    7    2
 7.047777572648445e-07    2    2    7    3
 -2.516678679260781e-06    2    2    7    4
 1.195333777128949e-05    2    2    7    5
 -5.554320648369162e-05    2    2    7    6
 0.04999609066824913    2    2    7    7
 3.067613598234245e-11    2    2    8    1
 1.524220292973709e-08    2    2    8    2
 -5.065852524649553e-08    2    2    8    3
 1.930894354218912e-07    2    2    8    4
 -1.029321469530611e-06    2    2    8    5
 5.785762722263286e-06    2    2    8    6
 -2.890230073971601e-05    2    2    8    7
 0.04164769798142962    2    2    8    8
 0.0005575273304773768    3    1    1    1
 -3.737170786557453e-05    3    1    2    1
 -0.0002951731802789641    3    1    2    2
 4.108701532988077e-06    3    1    3    1
 -3.737575606135229e-05    3    1    3    2
 0.0005589778299730403    3    1    3    3
 -1.648461870342057e-07    3    1    4    1
 6.041681033739572e-07    3    1    4    2
 -1.620886390335658e-06    3    1    4    3
 0.0001286076293485737    3    1    4    4
 1.055764538711687e-08    3    1    5    1
 -3.526287780874546e-08    3    1    5    2
 3.193102906772278e-07    3    1    5    3
 -1.83765520689279e-06    3    1    5    4
 3.032202841373215e-05    3    1    5    5
 -7.1163241819857e-10    3    1    6    1
 2.312323052928864e-09    3    1    6    2
 -2.676164973605162e-08    3    1    6    3
 1.317995227587321e-07    3    1    6    4
 -2.354459640349874e-07    3    1    6    5
 1.175619578043712e-05    3    1    6    6
 4.90192036820149e-11    3    1    7    1
 -1.556562704962085e-10    3    1    7    2
 1.980916179857315e-09    3    1    7    3
 -9.252520981367156e-09    3    1    7    4
 1.9300236097036e-08    3    1    7    5
 -5.638226367382042e-08    3    1    7    6
 5.785762722275589e-06    3    1    7    7
 -3.404801018000387e-12    3    1    8    1
 1.060551708713243e-11    3    1    8    2
 -1.418884983616657e-10    3    1    8    3
 6.428862441308788e-10    3    1    8    4
 -1.451138035633898e-09    3    1    8    5
 5.034102908744319e-09    3    1    8    6
 -1.863995792216456e-08    3    1    8    7
 3.268216919324107e-06    3    1    8    8
 -0.001650803193449365    3    2    1    1
 -2.864887205455731e-05    3    2    2    1
 -0.006418366769340775    3    2    2    2
 -3.737575606135235e-05    3    2    3    1
 0.001086984997810025    3    2    3    2
 -0.006418331123662839    3    2    3    3
 9.747203996106271e-07    3    2    4    1
 -3.760123214168744e-05    3    2    4    2
 -2.81536882843679e-05    3    2    4    3
 -0.001656630945204327    3    2    4    4
 -6.016769564150542e-08    3    2    5    1
 2.301560751978294e-06    3    2    5    2
 -1.643368818534136e-06    3    2    5    3
 2.634733859361251e-05    3    2    5    4
 -0.0003361096544691295    3    2    5    5
 4.007267049987705e-09    3    2    6    1
 -1.512006465019734e-07    3    2    6    2
 1.967894411270558e-07    3    2    6    3
 -1.850318845566574e-06    3    2    6    4
 2.965119225877029e-06    3    2    6    5
 -0.0001192568458575691    3    2    6    6
 -2.733091814086269e-10    3    2    7    1
 1.024549147753663e-08    3    2    7    2
 -1.589518497668332e-08    3    2    7    3
 1.282964811342185e-07    3    2    7    4
 -2.373987599316431e-07    3    2    7    5
 6.439275159649458e-07    3    2    7    6
 -5.554320648372245e-05    3    2    7    7
 1.883257011207929e-11    3    2    8    1
 -7.036409634126557e-10    3    2    8    2
 1.18102086935373e-09    3    2    8    3
 -8.851043325201609e-09    3    2    8    4
 1.758835911386829e-08    3    2    8    5
 -5.638226367383361e-08    3    2    8    6
 1.99241442362896e-07    3    2    8    7
 -3.023215338419933e-05    3    2    8    8
 0.1248491209942467    3    3    1    1
 -0.001636972529709989    3    3    2    1
 0.2489916930625431    3    3    2    2
 0.0005589778299730404    3    3    3    1
 -0.006418331123662854    3    3    3    2
 0.782799976936182    3    3    3    3
 1.138709399486596e-05    3    3    4    1
 -0.000294552050990635    3    3    4    2
 -0.006418726249831249    3    3    4    3
 0.248993956791559    3    3    4    4
 -4.90362620330822e-07    3    3    5    1
 1.138832057479632e-05    3    3    5    2
 0.0005634516884385067    3    3    5    3
 -0.001656733648881591    3    3    5    4
 0.1249868930673556    3    3    5    5
 1.908632067202495e-08    3    3    6    1
 -4.46052841265409e-07    3    3    6    2
 -4.198072599247959e-05    3    3    6    3
 0.0001297684915828884    3    3    6    4
 -0.000336145840898795    3    3    6    5
 0.08332022817971386    3    3    6    6
 -7.417328557251503e-10    3    3    7    1
 1.841306908219774e-08    3    3    7    2
 3.009751684081474e-06    3    3    7    3
 -9.67405387719965e-06    3    3    7    4
 3.070820133977507e-05    3    3    7    5
 -0.0001192568458575157    3    3    7    6
 0.06249313435179918    3    3    7    7
 2.631947111620696e-11    3    3    8    1
 -7.578401412107124e-10    3    3    8    2
 -2.131444383883021e-07    3    3    8    3
 6.994575459203222e-07    3    3    8    4
 -2.491366849770466e-06    3    3    8    5
 1.175619578042065e-05    3    3    8    6
 -5.350895656325e-05    3    3    8    7
 0.04997251097790621    3    3    8    8
 -4.154020820622086e-05    4    1    1    1
 2.286285146406487e-06    4    1    2    1
 1.144958277188046e-05    4    1    2    2
 -1.648461870342055e-07    4    1    3    1
 9.747203996106156e-07    4    1    3    2
 1.138709399486607e-05    4    1    3    3
 1.727805021486129e-08    4    1    4    1
 -1.651487649841271e-07    4    1    4    2
 2.287463726397837e-06    4    1    4    3
 -4.16779815162925e-05    4    1    4    4
 -7.445566873169082e-10    4    1    5    1
 4.284030475071328e-09    4    1    5    2
 -3.532492773718285e-08    4    1    5    3
 1.952006877400479e-07    4    1    5    4
 -9.597286454714617e-06    4    1    5    5
 4.909977868681425e-11    4    1    6    1
 -2.637660888225616e-10    4    1    6    2
 2.184789232883829e-09    4    1    6    3
 -2.679181691894557e-08    4    1    6    4
 1.274466556288153e-07    4    1    6    5
 -2.491366849816981e-06    4    1    6    6
 -3.369734954756598e-12    4    1    7    1
 1.757585589884204e-11    4    1    7    2
 -1.480325535772454e-10    4    1    7    3
 2.153757517533388e-09    4    1    7    4
 -9.256742514369623e-09    4    1    7    5
 1.758835911398182e-08    4    1    7    6
 -1.029321469563375e-06    4    1    7    7
 2.334308891472149e-13    4    1    8    1
 -1.190237892749807e-12    4    1    8    2
 1.008335297020013e-11    4    1    8    3
 -1.56401021085826e-10    4    1    8    4
 6.50528887838492e-10    4    1    8    5
 -1.451138035643428e-09    4    1    8    6
 4.401518105494714e-09    4    1    8    7
 -5.287341487411403e-07    4    1    8    8
 0.0001293345294787279    4    2    1    1
 -1.58942517986895e-06    4    2    2    1
 0.0005634228313974845    4    2    2    2
 6.04168103373957e-07    4    2    3    1
 -3.760123214168732e-05    4    2    3    2
 -0.0002945520509906375    4    2    3    3
 -1.651487649841275e-07    4    2    4    1
 4.145941393981152e-06    4    2    4    2
 -3.760114206552572e-05    4    2    4    3
 0.0005634279196319763    4    2    4    4
 4.844155532096378e-09    4    2    5    1
 -1.662102966316271e-07    4    2    5    2
 6.086046215849028e-07    4    2    5    3
 -1.643518457011228e-06    4    2    5    4
 0.000129762191495681    4    2    5    5
 -3.044790428767825e-10    4    2    6    1
 1.064762228770831e-08    4    2    6    2
 -3.555279875828235e-08    4    2    6    3
 3.221400628580431e-07    4    2    6    4
 -1.850331581296672e-06    4    2    6    5
 3.070820133981858e-05    4    2    6    6
 2.052004518112074e-11    4    2    7    1
 -7.178064272241722e-10    4    2    7    2
 2.332296719816388e-09    4    2    7    3
 -2.698601653452245e-08    4    2    7    4
 1.327343760927005e-07    4    2    7    5
 -2.373987599316999e-07    4    2    7    6
 1.195333777131998e-05    4    2    7    7
 -1.402503068606366e-12    4    2    8    1
 4.912426941484788e-11    4    2    8    2
 -1.560334539416066e-10    4    2    8    3
 1.983500425612315e-09    4    2    8    4
 -9.256742514337151e-09    4    2    8    5
 1.930023609703837e-08    4    2    8    6
 -5.600493387073873e-08    4    2    8    7
 5.898541902768289e-06    4    2    8    8
 -0.0003353060937544495    4    3    1    1
 2.613632977607095e-05    4    3    2    1
 -0.001656706947562052    4    3    2    2
 -1.620886390335539e-06    4    3    3    1
 -2.815368828436968e-05    4    3    3    2
 -0.006418726249831196    4    3    3    3
 2.287463726397841e-06    4    3    4    1
 -3.760114206552579e-05    4    3    4    2
 0.00108701876480227    4    3    4    3
 -0.006418726082372257    4    3    4    4
 -6.019873575519351e-08    4    3    5    1
 9.813477002686607e-07    4    3    5    2
 -3.760223299248316e-05    4    3    5    3
 -2.815098866062424e-05    4    3    5    4
 -0.001656733251288786    4    3    5    5
 3.703874594163487e-09    4    3    6    1
 -6.0583211874817e-08    4    3    6    2
 2.301628004820078e-06    4    3    6    3
 -1.643648671876488e-06    4    3    6    4
 2.63483753590301e-05    4    3    6    5
 -0.0003361458408987108    4    3    6    6
 -2.466388316013258e-10    4    3    7    1
 4.035058861834054e-09    4    3    7    2
 -1.512003538908476e-07    4    3    7    3
 1.968019981916571e-07    4    3    7    4
 -1.850331581296208e-06    4    3    7    5
 2.965119225876469e-06    4    3    7    6
 -0.000119274596734199    4    3    7    7
 1.67089317539624e-11    4    3    8    1
 -2.734218706947976e-10    4    3    8    2
 1.017905885873375e-08    4    3    8    3
 -1.578033481408347e-08    4    3    8    4
 1.274466556284276e-07    4    3    8    5
 -2.354459640349119e-07    4    3    8    6
 6.340149213144262e-07    4    3    8    7
 -5.547178630291715e-05    4    3    8    8
 0.08325627011787383    4    4    1    1
 -0.0003294797682927944    4    4    2    1
 0.1249861956499038    4    4    2    2
 0.0001286076293485724    4    4    3    1
 -0.001656630945204309    4    4    3    2
 0.248993956791559    4    4    3    3
 -4.167798151629246e-05    4    4    4    1
 0.0005634279196319758    4    4    4    2
 -0.00641872608237226    4    4    4    3
 0.7828000668479529    4    4    4    4
 -4.457913530207114e-07    4    4    5    1
 1.138802178454787e-05    4    4    5    2
 -0.000294547214911042    4    4    5    3
 -0.006418728075214066    4    4    5    4
 0.2489939679115999    4    4    5    5
 1.899076401207939e-08    4    4    6    1
 -4.895353302488317e-07    4    4    6    2
 1.138792844218452e-05    4    4    6    3
 0.0005634517111533695    4    4    6    4
 -0.001656733251288945    4    4    6    5
 0.1249868930673553    4    4    6    6
 -5.637804487432974e-10    4    4    7    1
 1.896437554609553e-08    4    4    7    2
 -4.46024528560077e-07    4    4    7    3
 -4.197910558485836e-05    4    4    7    4
 0.0001297621914956049    4    4    7    5
 -0.0003361096544690413    4    4    7    6
 0.08331989416255534    4    4    7    7
 8.741983217822562e-12    4    4    8    1
 -7.322932115959952e-10    4    4    8    2
 1.840565159862112e-08    4    4    8    3
 2.988663042356668e-06    4    4    8    4
 -9.597286454629373e-06    4    4    8    5
 3.032202841370714e-05    4    4    8    6
 -0.0001159017860657653    4    4    8    7
 0.06245655996493905    4    4    8    8
 2.978043794400854e-06    5    1    1    1
 -1.501479158434939e-07    5    1    2    1
 -4.514444538538493e-07    5    1    2    2
 1.055764538711687e-08    5    1    3    1
 -6.016769564150525e-08    5    1    3    2
 -4.903626203308243e-07    5    1    3    3
 -7.445566873169065e-10    5    1    4    1
 4.844155532096333e-09    5    1    4    2
 -6.019873575519271e-08    5    1    4    3
 -4.457913530207147e-07    5    1    4    4
 7.840270348332018e-11    5    1    5    1
 -7.465539147235977e-10    5    1    5    2
 1.057991359597445e-08    5    1    5    3
 -1.502417149972238e-07    5    1    5    4
 2.988663043190112e-06    5    1    5    5
 -3.527665663089906e-12    5    1    6    1
 2.256702454185282e-11    5    1    6    2
 -2.639929246169178e-10    5    1    6    3
 2.317525787887298e-09    5    1    6    4
 -1.578033482024895e-08    5    1    6    5
 6.994575462101823e-07    5    1    6    6
 2.370290645345903e-13    5    1    7    1
 -1.435118907990118e-12    5    1    7    2
 1.649299412323345e-11    5    1    7    3
 -1.480930546210352e-10    5    1    7    4
 1.983500426170135e-09    5    1    7    5
 -8.851043326909368e-09    5    1    7    6
 1.930894355824963e-07    5    1    7    7
 -1.636061210633483e-14    5    1    8    1
 9.657940076491062e-14    5    1    8    2
 -1.103360893109884e-12    5    1    8    3
 1.013601330605547e-11    5    1    8    4
 -1.564010211263966e-10    5    1    8    5
 6.428862442618879e-10    5    1    8    6
 -1.257022725047977e-09    5    1    8    7
 8.320832478430593e-08    5    1    8    8
 -9.643598697419751e-06    5    2    1    1
 1.925943268001901e-07    5    2    2    1
 -4.197857013739345e-05    5    2    2    2
 -3.52628778087457e-08    5    2    3    1
 2.301560751978295e-06    5    2    3    2
 1.138832057479641e-05    5    2    3    3
 4.284030475071325e-09    5    2    4    1
 -1.662102966316268e-07    5    2    4    2
 9.813477002686471e-07    5    2    4    3
 1.138802178454794e-05    5    2    4    4
 -7.465539147235989e-10    5    2    5    1
 1.745446256272938e-08    5    2    5    2
 -1.662112111720313e-07    5    2    5    3
 2.301556838279279e-06    5    2    5    4
 -4.197910558490325e-05    5    2    5    5
 2.369228640626011e-11    5    2    6    1
 -7.515660480298671e-10    5    2    6    2
 4.314131862161457e-09    5    2    6    3
 -3.555305304620438e-08    5    2    6    4
 1.968019981917824e-07    5    2    6    5
 -9.67405387720757e-06    5    2    6    6
 -1.52220786573946e-12    5    2    7    1
 4.956634270083593e-11    5    2    7    2
 -2.656961932264042e-10    5    2    7    3
 2.199643914186235e-09    5    2    7    4
 -2.698601653454118e-08    5    2    7    5
 1.28296481134343e-07    5    2    7    6
 -2.516678679262672e-06    5    2    7    7
 1.031875244727806e-13    5    2    8    1
 -3.379717064339684e-12    5    2    8    2
 1.759386414543692e-11    5    2    8    3
 -1.48093054631024e-10    5    2    8    4
 2.153757517522904e-09    5    2    8    5
 -9.252520981373985e-09    5    2    8    6
 1.748881039008177e-08    5    2    8    7
 -1.04049680973469e-06    5    2    8    8
 3.063972671400509e-05    5    3    1    1
 -1.834566602714833e-06    5    3    2    1
 0.0001297665545697695    5    3    2    2
 3.193102906772273e-07    5    3    3    1
 -1.643368818534188e-06    5    3    3    2
 0.0005634516884385051    5    3    3    3
 -3.532492773718261e-08    5    3    4    1
 6.086046215849013e-07    5    3    4    2
 -3.760223299248298e-05    5    3    4    3
 -0.0002945472149110442    5    3    4    4
 1.057991359597447e-08    5    3    5    1
 -1.662112111720318e-07    5    3    5    2
 4.146116215290773e-06    5    3    5    3
 -3.760223237187829e-05    5    3    5    4
 0.0005634517111534181    5    3    5    5
 -3.04645575496772e-10    5    3    6    1
 4.87793903288368e-09    5    3    6    2
 -1.662164955260634e-07    5    3    6    3
 6.086252904819104e-07    5    3    6    4
 -1.643648671877384e-06    5    3    6    5
 0.0001297684915829031    5    3    6    6
 1.908149950283977e-11    5    3    7    1
 -3.066247805247289e-10    5    3    7    2
 1.064768500933894e-08    5    3    7    3
 -3.55530530462314e-08    5    3    7    4
 3.221400628579635e-07    5    3    7    5
 -1.850318845566626e-06    5    3    7    6
 3.071008826276663e-05    5    3    7    7
 -1.276945601214013e-12    5    3    8    1
 2.053167967480658e-11    5    3    8    2
 -7.131677914017611e-10    5    3    8    3
 2.317525788170179e-09    5    3    8    4
 -2.679181691877285e-08    5    3    8    5
 1.317995227587201e-07    5    3    8    6
 -2.344768355725544e-07    5    3    8    7
 1.193380318347471e-05    5    3    8    8
 -0.0001190520894517768    5    4    1    1
 2.931198854236212e-06    5    4    2    1
 -0.0003361420632984173    5    4    2    2
 -1.83765520689285e-06    5    4    3    1
 2.634733859361447e-05    5    4    3    2
 -0.001656733648881623    5    4    3    3
 1.952006877400401e-07    5    4    4    1
 -1.64351845701115e-06    5    4    4    2
 -2.81509886606259e-05    5    4    4    3
 -0.006418728075214039    5    4    4    4
 -1.502417149972238e-07    5    4    5    1
 2.301556838279282e-06    5    4    5    2
 -3.760223237187832e-05    5    4    5    3
 0.001087018925675576    5    4    5    4
 -0.006418728075214034    5    4    5    5
 4.009252579889863e-09    5    4    6    1
 -6.058328128294754e-08    5    4    6    2
 9.813798241320475e-07    5    4    6    3
 -3.760223237187863e-05    5    4    6    4
 -2.815098866061979e-05    5    4    6    5
 -0.001656733648881605    5    4    6    6
 -2.466274376322108e-10    5    4    7    1
 3.727503379544427e-09    5    4    7    2
 -6.058328128358635e-08    5    4    7    3
 2.301556838278623e-06    5    4    7    4
 -1.643518457009795e-06    5    4    7    5
 2.634733859361156e-05    5    4    7    6
 -0.0003361420632984205    5    4    7    7
 1.632579980230399e-11    5    4    8    1
 -2.466274374020088e-10    5    4    8    2
 4.00925258033212e-09    5    4    8    3
 -1.502417149904607e-07    5    4    8    4
 1.952006877373972e-07    5    4    8    5
 -1.837655206892499e-06    5    4    8    6
 2.931198854236535e-06    5    4    8    7
 -0.0001190520894517758    5    4    8    8
 0.06245655996493904    5    5    1    1
 -0.0001159017860657595    5    5    2    1
 0.0833198941625552    5    5    2    2
 3.032202841373212e-05    5    5    3    1
 -0.000336109654469128    5    5    3    2
 0.1249868930673556    5    5    3    3
 -9.597286454714561e-06    5    5    4    1
 0.0001297621914956798    5    5    4    2
 -0.001656733251288768    5    5    4    3
 0.2489939679115999    5    5    4    4
 2.988663043190104e-06    5    5    5    1
 -4.19791055849031e-05    5    5    5    2
 0.0005634517111534161    5    5    5    3
 -0.006418728075214018    5    5    5    4
 0.7828000668479521    5    5    5    5
 1.840565165840429e-08    5    5    6    1
 -4.460245286677138e-07    5    5    6    2
 1.138792844218896e-05    5    5    6    3
 -0.0002945472149110449    5    5    6    4
 -0.006418726082372795    5    5    6    5
 0.2489939567915579    5    5    6    6
 -7.322931156332525e-10    5    5    7    1
 1.896437554294081e-08    5    5    7    2
 -4.895353301677564e-07    5    5    7    3
 1.138802178454976e-05    5    5    7    4
 0.0005634279196317835    5    5    7    5
 -0.001656630945204149    5    5    7    6
 0.1249861956499038    5    5    7    7
 8.741985632983306e-12    5    5    8    1
 -5.637805321974642e-10    5    5    8    2
 1.899076397878268e-08    5    5    8    3
 -4.457913533421059e-07    5    5    8    4
 -4.167798151607234e-05    5    5    8    5
 0.0001286076293485273    5    5    8    6
 -0.0003294797682927938    5    5    8    7
 0.08325627011787372    5    5    8    8
 -2.123620226808809e-07    6    1    1    1
 1.017256188877063e-08    6    1    2    1
 1.883881583686263e-08    6    1    2    2
 -7.1163241819857e-10    6    1    3    1
 4.007267049987694e-09    6    1    3    2
 1.908632067202486e-08    6    1    3    3
 4.909977868681422e-11    6    1    4    1
 -3.044790428767808e-10    6    1    4    2
 3.70387459416348e-09    6    1    4    3
 1.899076401207926e-08    6    1    4    4
 -3.527665663089902e-12    6    1    5    1
 2.369228640626003e-11    6    1    5    2
 -3.046455754967713e-10    6    1    5    3
 4.009252579889852e-09    6    1    5    4
 1.840565165840426e-08    6    1    5    5
 3.738804204703602e-13    6    1    6    1
 -3.538888875146046e-12    6    1    6    2
 4.924410819015091e-11    6    1    6    3
 -7.13167791293386e-10    6    1    6    4
 1.017905885813033e-08    6    1    6    5
 -2.131444381921319e-07    6    1    6    6
 -1.732502200662739e-14    6    1    7    1
 1.160332857918087e-13    6    1    7    2
 -1.43616910147832e-12    6    1    7    3
 1.759386415062351e-11    6    1    7    4
 -1.560334540758921e-10    6    1    7    5
 1.181020868222962e-09    6    1    7    6
 -5.065852518531947e-08    6    1    7    7
 1.171237575796287e-15    6    1    8    1
 -7.480052554944768e-15    6    1    8    2
 9.11844326449521e-14    6    1    8    3
 -1.103360893334432e-12    6    1    8    4
 1.008335297593698e-11    6    1    8    5
 -1.418884982365903e-10    6    1    8    6
 6.141731496460324e-10    6    1    8    7
 -1.45619098773307e-08    6    1    8    8
 7.026372994164457e-07    6    2    1    1
 -1.559154546950831e-08    6    2    2    1
 3.009708936531299e-06    6    2    2    2
 2.312323052928877e-09    6    2    3    1
 -1.512006465019735e-07    6    2    3    2
 -4.460528412654109e-07    6    2    3    3
 -2.637660888225625e-10    6    2    4    1
 1.064762228770831e-08    6    2    4    2
 -6.058321187481674e-08    6    2    4    3
 -4.895353302488308e-07    6    2    4    4
 2.256702454185283e-11    6    2    5    1
 -7.515660480298667e-10    6    2    5    2
 4.877939032883655e-09    6    2    5    3
 -6.058328128294718e-08    6    2    5    4
 -4.46024528667713e-07    6    2    5    5
 -3.538888875146048e-12    6    2    6    1
 7.925751892434556e-11    6    2    6    2
 -7.515734720769298e-10    6    2    6    3
 1.064768500914941e-08    6    2    6    4
 -1.512003538888034e-07    6    2    6    5
 3.009751683807216e-06    6    2    6    6
 1.189918620411995e-13    6    2    7    1
 -3.563198475021054e-12    6    2    7    2
 2.272804223159787e-11    6    2    7    3
 -2.656961932297161e-10    6    2    7    4
 2.332296719914103e-09    6    2    7    5
 -1.589518497465093e-08    6    2    7    6
 7.04777757168388e-07    6    2    7    7
 -7.718094547114546e-15    6    2    8    1
 2.378403365970045e-13    6    2    8    2
 -1.436169101218642e-12    6    2    8    3
 1.649299412365049e-11    6    2    8    4
 -1.480325535807682e-10    6    2    8    5
 1.98091617967454e-09    6    2    8    6
 -8.829809314587068e-09    6    2    8    7
 1.944355494094905e-07    6    2    8    8
 -2.5113892032074e-06    6    3    1    1
 1.271651757613474e-07    6    3    2    1
 -9.674338905827078e-06    6    3    2    2
 -2.676164973605152e-08    6    3    3    1
 1.967894411270574e-07    6    3    3    2
 -4.198072599247952e-05    6    3    3    3
 2.184789232883831e-09    6    3    4    1
 -3.555279875828252e-08    6    3    4    2
 2.301628004820078e-06    6    3    4    3
 1.138792844218456e-05    6    3    4    4
 -2.639929246169181e-10    6    3    5    1
 4.314131862161475e-09    6    3    5    2
 -1.662164955260635e-07    6    3    5    3
 9.813798241320409e-07    6    3    5    4
 1.138792844218894e-05    6    3    5    5
 4.924410819015089e-11    6    3    6    1
 -7.515734720769308e-10    6    3    6    2
 1.7455317087625e-08    6    3    6    3
 -1.662164955260469e-07    6    3    6    4
 2.301628004819845e-06    6    3    6    5
 -4.198072599244935e-05    6    3    6    6
 -1.523117215793847e-12    6    3    7    1
 2.386158959330178e-11    6    3    7    2
 -7.515734720937269e-10    6    3    7    3
 4.314131862165634e-09    6    3    7    4
 -3.555279875831061e-08    6    3    7    5
 1.967894411270979e-07    6    3    7    6
 -9.674338905820568e-06    6    3    7    7
 9.68089879603196e-14    6    3    8    1
 -1.523117209493234e-12    6    3    8    2
 4.924410819881309e-11    6    3    8    3
 -2.639929246264706e-10    6    3    8    4
 2.184789232885658e-09    6    3    8    5
 -2.676164973603176e-08    6    3    8    6
 1.271651757612644e-07    6    3    8    7
 -2.511389203204489e-06    6    3    8    8
 1.193380318347092e-05    6    4    1    1
 -2.344768355725237e-07    6    4    2    1
 3.071008826276017e-05    6    4    2    2
 1.317995227587344e-07    6    4    3    1
 -1.850318845566657e-06    6    4    3    2
 0.0001297684915828906    6    4    3    3
 -2.679181691894542e-08    6    4    4    1
 3.221400628580431e-07    6    4    4    2
 -1.643648671876525e-06    6    4    4    3
 0.0005634517111533693    6    4    4    4
 2.317525787887287e-09    6    4    5    1
 -3.555305304620434e-08    6    4    5    2
 6.086252904819129e-07    6    4    5    3
 -3.760223237187857e-05    6    4    5    4
 -0.0002945472149110459    6    4    5    5
 -7.13167791293386e-10    6    4    6    1
 1.064768500914942e-08    6    4    6    2
 -1.662164955260473e-07    6    4    6    3
 4.146116215290779e-06    6    4    6    4
 -3.760223299248306e-05    6    4    6    5
 0.0005634516884385303    6    4    6    6
 2.053167974958831e-11    6    4    7    1
 -3.066247805328047e-10    6    4    7    2
 4.877939032967711e-09    6    4    7    3
 -1.662112111719962e-07    6    4    7    4
 6.086046215848847e-07    6    4    7    5
 -1.643368818534277e-06    6    4    7    6
 0.0001297665545697756    6    4    7    7
 -1.27694559974917e-12    6    4    8    1
 1.908149947236344e-11    6    4    8    2
 -3.046455755294037e-10    6    4    8    3
 1.057991359537798e-08    6    4    8    4
 -3.532492773720038e-08    6    4    8    5
 3.19310290677157e-07    6    4    8    6
 -1.834566602714828e-06    6    4    8    7
 3.063972671400588e-05    6    4    8    8
 -5.547178630296803e-05    6    5    1    1
 6.340149213147382e-07    6    5    2    1
 -0.0001192745967342644    6    5    2    2
 -2.354459640349945e-07    6    5    3    1
 2.965119225876906e-06    6    5    3    2
 -0.0003361458408988082    6    5    3    3
 1.274466556288168e-07    6    5    4    1
 -1.850331581296683e-06    6    5    4    2
 2.634837535903119e-05    6    5    4    3
 -0.001656733251288967    6    5    4    4
 -1.578033482024853e-08    6    5    5    1
 1.968019981917755e-07    6    5    5    2
 -1.643648671877308e-06    6    5    5    3
 -2.815098866062068e-05    6    5    5    4
 -0.00641872608237277    6    5    5    5
 1.017905885813032e-08    6    5    6    1
 -1.512003538888033e-07    6    5    6    2
 2.301628004819845e-06    6    5    6    3
 -3.760223299248308e-05    6    5    6    4
 0.001087018764802277    6    5    6    5
 -0.006418726249831516    6    5    6    6
 -2.734218716458137e-10    6    5    7    1
 4.035058861970102e-09    6    5    7    2
 -6.058321187546569e-08    6    5    7    3
 9.813477002687238e-07    6    5    7    4
 -3.760114206552371e-05    6    5    7    5
 -2.815368828436943e-05    6    5    7    6
 -0.001656706947562174    6    5    7    7
 1.670893173525701e-11    6    5    8    1
 -2.4663883138161e-10    6    5    8    2
 3.703874594241422e-09    6    5    8    3
 -6.019873575326336e-08    6    5    8    4
 2.287463726396089e-06    6    5    8    5
 -1.620886390334533e-06    6    5    8    6
 2.613632977606997e-05    6    5    8    7
 -0.0003353060937545253    6    5    8    8
 0.04997251097790604    6    6    1    1
 -5.350895656323868e-05    6    6    2    1
 0.06249313435179889    6    6    2    2
 1.17561957804369e-05    6    6    3    1
 -0.000119256845857566    6    6    3    2
 0.08332022817971382    6    6    3    3
 -2.491366849816958e-06    6    6    4    1
 3.070820133981821e-05    6    6    4    2
 -0.0003361458408987054    6    6    4    3
 0.1249868930673552    6    6    4    4
 6.994575462101787e-07    6    6    5    1
 -9.674053877207509e-06    6    6    5    2
 0.0001297684915829019    6    6    5    3
 -0.001656733648881595    6    6    5    4
 0.248993956791558    6    6    5    5
 -2.131444381921314e-07    6    6    6    1
 3.009751683807209e-06    6    6    6    2
 -4.198072599244923e-05    6    6    6    3
 0.0005634516884385287    6    6    6    4
 -0.006418726249831508    6    6    6    5
 0.7827999769361758    6    6    6    6
 -7.57839987241861e-10    6    6    7    1
 1.841306906862087e-08    6    6    7    2
 -4.460528411576554e-07    6    6    7    3
 1.138832057477339e-05    6    6    7    4
 -0.0002945520509907604    6    6    7    5
 -0.006418331123662351    6    6    7    6
 0.2489916930625424    6    6    7    7
 2.631947955281659e-11    6    6    8    1
 -7.417329475411968e-10    6    6    8    2
 1.908632064644512e-08    6    6    8    3
 -4.903626205641872e-07    6    6    8    4
 1.138709399496606e-05    6    6    8    5
 0.0005589778299729129    6    6    8    6
 -0.00163697252970998    6    6    8    7
 0.1248491209942462    6    6    8    8
 1.518547539118177e-08    7    1    1    1
 -7.031987647806482e-10    7    1    2    1
 -7.895769023310831e-10    7    1    2    2
 4.901920368201491e-11    7    1    3    1
 -2.733091814086256e-10    7    1    3    2
 -7.417328557251492e-10    7    1    3    3
 -3.369734954756597e-12    7    1    4    1
 2.052004518112061e-11    7    1    4    2
 -2.46638831601325e-10    7    1    4    3
 -5.637804487432799e-10    7    1    4    4
 2.370290645345904e-13    7    1    5    1
 -1.522207865739456e-12    7    1    5    2
 1.908149950283978e-11    7    1    5    3
 -2.466274376322116e-10    7    1    5    4
 -7.322931156332349e-10    7    1    5    5
 -1.732502200662737e-14    7    1    6    1
 1.189918620411989e-13    7    1    6    2
 -1.523117215793842e-12    7    1    6    3
 2.053167974958825e-11    7    1    6    4
 -2.734218716458126e-10    7    1    6    5
 -7.578399872418578e-10    7    1    6    6
 1.842827670398496e-15    7    1    7    1
 -1.738567387356236e-14    7    1    7    2
 2.378403382664695e-13    7    1    7    3
 -3.379717086754474e-12    7    1    7    4
 4.912426971212209e-11    7    1    7    5
 -7.036409666059836e-10    7    1    7    6
 1.524220336467252e-08    7    1    7    7
 -7.480052549287463e-15    7    1    8    3
 9.657940053165087e-14    7    1    8    4
 -1.190237886524371e-12    7    1    8    5
 1.060551691759166e-11    7    1    8    6
 -8.504169687352494e-11    7    1    8    7
 3.657987144933271e-09    7    1    8    8
 -5.088229765298102e-08    7    2    1    1
 1.167703712502558e-09    7    2    2    1
 -2.146308970517686e-07    7    2    2    2
 -1.556562704962091e-10    7    2    3    1
 1.024549147753663e-08    7    2    3    2
 1.841306908219796e-08    7    2    3    3
 1.75758558988421e-11    7    2    4    1
 -7.178064272241721e-10    7    2    4    2
 4.035058861834038e-09    7    2    4    3
 1.896437554609533e-08    7    2    4    4
 -1.435118907990123e-12    7    2    5    1
 4.956634270083595e-11    7    2    5    2
 -3.066247805247281e-10    7    2    5    3
 3.727503379544426e-09    7    2    5    4
 1.896437554294049e-08    7    2    5    5
 1.160332857918086e-13    7    2    6    1
 -3.56319847502105e-12    7    2    6    2
 2.386158959330168e-11    7    2    6    3
 -3.066247805328034e-10    7    2    6    4
 4.035058861970093e-09    7    2    6    5
 1.841306906862077e-08    7    2    6    6
 -1.738567387356238e-14    7    2    7    1
 3.781074281568861e-13    7    2    7    2
 -3.563198475239442e-12    7    2    7    3
 4.95663427035599e-11    7    2    7    4
 -7.178064272600443e-10    7    2    7    5
 1.024549147775916e-08    7    2    7    6
 -2.146308971112236e-07    7    2    7    7
 -1.738567373589693e-14    7    2    8    2
 1.160332857678658e-13    7    2    8    3
 -1.435118907821757e-12    7    2    8    4
 1.75758558963614e-11    7    2    8    5
 -1.556562704401501e-10    7    2    8    6
 1.167703712561667e-09    7    2    8    7
 -5.088229766769033e-08    7    2    8    8
 1.944355494637612e-07    7    3    1    1
 -8.829809315147216e-09    7    3    2    1
 7.047777572648484e-07    7    3    2    2
 1.980916179857303e-09    7    3    3    1
 -1.589518497668332e-08    7    3    3    2
 3.009751684081471e-06    7    3    3    3
 -1.480325535772456e-10    7    3    4    1
 2.332296719816398e-09    7    3    4    2
 -1.512003538908476e-07    7    3    4    3
 -4.460245285600772e-07    7    3    4    4
 1.649299412323354e-11    7    3    5    1
 -2.656961932264062e-10    7    3    5    2
 1.064768500933897e-08    7    3    5    3
 -6.058328128358637e-08    7    3    5    4
 -4.895353301677519e-07    7    3    5    5
 -1.436169101478316e-12    7    3    6    1
 2.272804223159787e-11    7    3    6    2
 -7.515734720937264e-10    7    3    6    3
 4.877939032967681e-09    7    3    6    4
 -6.058321187546541e-08    7    3    6    5
 -4.460528411576531e-07    7    3    6    6
 2.378403382664696e-13    7    3    7    1
 -3.563198475239445e-12    7    3    7    2
 7.925751892822292e-11    7    3    7    3
 -7.51566048047008e-10    7    3    7    4
 1.064762228789906e-08    7    3    7    5
 -1.512006465040492e-07    7    3    7    6
 3.009708936806109e-06    7    3    7    7
 -7.718094488806117e-15    7    3    8    1
 1.189918613393451e-13    7    3    8    2
 -3.538888875859615e-12    7    3    8    3
 2.256702454178962e-11    7    3    8    4
 -2.637660888195065e-10    7    3    8    5
 2.312323052836049e-09    7    3    8    6
 -1.559154547162156e-08    7    3    8    7
 7.026372995136423e-07    7    3    8    8
 -1.04049680973439e-06    7    4    1    1
 1.748881039007039e-08    7    4    2    1
 -2.516678679260777e-06    7    4    2    2
 -9.252520981367267e-09    7    4    3    1
 1.282964811342222e-07    7    4    3    2
 -9.674053877199767e-06    7    4    3    3
 2.153757517533384e-09    7    4    4    1
 -2.698601653452248e-08    7    4    4    2
 1.968019981916607e-07    7    4    4    3
 -4.197910558485839e-05    7    4    4    4
 -1.480930546210355e-10    7    4    5    1
 2.199643914186244e-09    7    4    5    2
 -3.555305304623179e-08    7    4    5    3
 2.301556838278626e-06    7    4    5    4
 1.138802178454975e-05    7    4    5    5
 1.759386415062344e-11    7    4    6    1
 -2.656961932297156e-10    7    4    6    2
 4.314131862165641e-09    7    4    6    3
 -1.662112111719961e-07    7    4    6    4
 9.81347700268717e-07    7    4    6    5
 1.138832057477338e-05    7    4    6    6
 -3.379717086754473e-12    7    4    7    1
 4.956634270355992e-11    7    4    7    2
 -7.515660480470089e-10    7    4    7    3
 1.745446256273362e-08    7    4    7    4
 -1.662102966316838e-07    7    4    7    5
 2.301560751979207e-06    7    4    7    6
 -4.197857013748799e-05    7    4    7    7
 1.031875235132737e-13    7    4    8    1
 -1.522207859895335e-12    7    4    8    2
 2.36922864088578e-11    7    4    8    3
 -7.465539146724845e-10    7    4    8    4
 4.284030475064538e-09    7    4    8    5
 -3.526287780867255e-08    7    4    8    6
 1.925943268000974e-07    7    4    8    7
 -9.643598697443335e-06    7    4    8    8
 5.898541902743945e-06    7    5    1    1
 -5.600493387072835e-08    7    5    2    1
 1.195333777128895e-05    7    5    2    2
 1.930023609703623e-08    7    5    3    1
 -2.373987599316241e-07    7    5    3    2
 3.070820133977565e-05    7    5    3    3
 -9.256742514369721e-09    7    5    4    1
 1.327343760927005e-07    7    5    4    2
 -1.85033158129627e-06    7    5    4    3
 0.0001297621914956068    7    5    4    4
 1.983500426170125e-09    7    5    5    1
 -2.698601653454094e-08    7    5    5    2
 3.221400628579624e-07    7    5    5    3
 -1.643518457009834e-06    7    5    5    4
 0.0005634279196317829    7    5    5    5
 -1.560334540758904e-10    7    5    6    1
 2.332296719914077e-09    7    5    6    2
 -3.555279875831032e-08    7    5    6    3
 6.086046215848833e-07    7    5    6    4
 -3.760114206552361e-05    7    5    6    5
 -0.0002945520509907612    7    5    6    6
 4.912426971212209e-11    7    5    7    1
 -7.17806427260044e-10    7    5    7    2
 1.064762228789907e-08    7    5    7    3
 -1.662102966316841e-07    7    5    7    4
 4.14594139398058e-06    7    5    7    5
 -3.76012321416855e-05    7    5    7    6
 0.0005634228313972272    7    5    7    7
 -1.402503054386233e-12    7    5    8    1
 2.052004511406853e-11    7    5    8    2
 -3.044790428871357e-10    7    5    8    3
 4.84415553185486e-09    7    5    8    4
 -1.651487649839405e-07    7    5    8    5
 6.041681033740368e-07    7    5    8    6
 -1.589425179866642e-06    7    5    8    7
 0.0001293345294786358    7    5    8    8
 -3.023215338417013e-05    7    6    1    1
 1.992414423624526e-07    7    6    2    1
 -5.55432064836836e-05    7    6    2    2
 -5.63822636738166e-08    7    6    3    1
 6.439275159647941e-07    7    6    3    2
 -0.0001192568458575143    7    6    3    3
 1.758835911398166e-08    7    6    4    1
 -2.373987599316878e-07    7    6    4    2
 2.96511922587642e-06    7    6    4    3
 -0.0003361096544690535    7    6    4    4
 -8.851043326909553e-09    7    6    5    1
 1.282964811343453e-07    7    6    5    2
 -1.85031884556666e-06    7    6    5    3
 2.634733859361297e-05    7    6    5    4
 -0.001656630945204177    7    6    5    5
 1.181020868222938e-09    7    6    6    1
 -1.589518497465058e-08    7    6    6    2
 1.967894411270917e-07    7    6    6    3
 -1.643368818534226e-06    7    6    6    4
 -2.815368828436997e-05    7    6    6    5
 -0.006418331123662334    7    6    6    6
 -7.036409666059839e-10    7    6    7    1
 1.024549147775917e-08    7    6    7    2
 -1.512006465040493e-07    7    6    7    3
 2.30156075197921e-06    7    6    7    4
 -3.760123214168556e-05    7    6    7    5
 0.001086984997810013    7    6    7    6
 -0.006418366769340557    7    6    7    7
 1.883256989044826e-11    7    6    8    1
 -2.733091805912854e-10    7    6    8    2
 4.007267050053544e-09    7    6    8    3
 -6.016769563972419e-08    7    6    8    4
 9.747203996097398e-07    7    6    8    5
 -3.737575606135103e-05    7    6    8    6
 -2.864887205455877e-05    7    6    8    7
 -0.00165080319344926    7    6    8    8
 0.04164769798142969    7    7    1    1
 -2.890230073970914e-05    7    7    2    1
 0.04999609066824914    7    7    2    2
 5.785762722275392e-06    7    7    3    1
 -5.554320648372104e-05    7    7    3    2
 0.06249313435179918    7    7    3    3
 -1.029321469563371e-06    7    7    4    1
 1.195333777132e-05    7    7    4    2
 -0.0001192745967342003    7    7    4    3
 0.08331989416255534    7    7    4    4
 1.930894355824947e-07    7    7    5    1
 -2.51667867926265e-06    7    7    5    2
 3.071008826276626e-05    7    7    5    3
 -0.000336142063298411    7    7    5    4
 0.1249861956499038    7    7    5    5
 -5.065852518531922e-08    7    7    6    1
 7.047777571683849e-07    7    7    6    2
 -9.67433890582051e-06    7    7    6    3
 0.0001297665545697743    7    7    6    4
 -0.00165670694756216    7    7    6    5
 0.2489916930625424    7    7    6    6
 1.524220336467252e-08    7    7    7    1
 -2.146308971112236e-07    7    7    7    2
 3.009708936806106e-06    7    7    7    3
 -4.197857013748794e-05    7    7    7    4
 0.0005634228313972266    7    7    7    5
 -0.006418366769340564    7    7    7    6
 0.7827815461024947    7    7    7    7
 3.067615775837244e-11    7    7    8    1
 -7.895770447051217e-10    7    7    8    2
 1.883881581117558e-08    7    7    8    3
 -4.514444541526544e-07    7    7    8    4
 1.144958277198723e-05    7    7    8    5
 -0.0002951731802790231    7    7    8    6
 -0.006340876177506111    7    7    8    7
 0.2485186455494303    7    7    8    8
 -1.083170644807391e-09    8    1    1    1
 4.897868438502424e-11    8    1    2    1
 3.067613598234295e-11    8    1    2    2
 -3.404801018000384e-12    8    1    3    1
 1.883257011207917e-11    8    1    3    2
 2.631947111620756e-11    8    1    3    3
 2.334308891472148e-13    8    1    4    1
 -1.402503068606356e-12    8    1    4    2
 1.670893175396232e-11    8    1    4    3
 8.741983217821947e-12    8    1    4    4
 -1.636061210633483e-14    8    1    5    1
 1.031875244727802e-13    8    1    5    2
 -1.276945601214011e-12    8    1    5    3
 1.632579980230404e-11    8    1    5    4
 8.741985632981458e-12    8    1    5    5
 1.171237575796287e-15    8    1    6    1
 -7.718094547114527e-15    8    1    6    2
 9.680898796031958e-14    8    1    6    3
 -1.276945599749173e-12    8    1    6    4
 1.670893173525712e-11    8    1    6    5
 2.631947955281494e-11    8    1    6    6
 -7.718094488806091e-15    8    1    7    3
 1.031875235132734e-13    8    1    7    4
 -1.40250305438623e-12    8    1    7    5
 1.883256989044812e-11    8    1    7    6
 3.06761577583729e-11    8    1    7    7
 1.17123755669551e-15    8    1    8    3
 -1.636061183005866e-14    8    1    8    4
 2.334308853401393e-13    8    1    8    5
 -3.404800969470359e-12    8    1    8    6
 4.897868418179245e-11    8    1    8    7
 -1.083170557522291e-09    8    1    8    8
 3.657986996806205e-09    8    2    1    1
 -8.504169360743513e-11    8    2    2    1
 1.524220292973709e-08    8    2    2    2
 1.060551708713246e-11    8    2    3    1
 -7.036409634126556e-10    8    2    3    2
 -7.578401412107362e-10    8    2    3    3
 -1.190237892749812e-12    8    2    4    1
 4.912426941484788e-11    8    2    4    2
 -2.73421870694796e-10    8    2    4    3
 -7.322932115959917e-10    8    2    4    4
 9.657940076491092e-14    8    2    5    1
 -3.379717064339685e-12    8    2    5    2
 2.053167967480649e-11    8    2    5    3
 -2.466274374020085e-10    8    2    5    4
 -5.637805321974333e-10    8    2    5    5
 -7.480052554944782e-15    8    2    6    1
 2.378403365970046e-13    8    2    6    2
 -1.52311720949323e-12    8    2    6    3
 1.908149947236341e-11    8    2    6    4
 -2.466388313816116e-10    8    2    6    5
 -7.41732947541172e-10    8    2    6    6
 -1.73856737358969e-14    8    2    7    2
 1.189918613393445e-13    8    2    7    3
 -1.522207859895328e-12    8    2    7    4
 2.05200451140685e-11    8    2    7    5
 -2.733091805912834e-10    8    2    7    6
 -7.895770447051336e-10    8    2    7    7
 1.842827640305794e-15    8    2    8    2
 -1.732502188089689e-14    8    2    8    3
 2.370290630349261e-13    8    2    8    4
 -3.369734934894324e-12    8    2    8    5
 4.901920341980292e-11    8    2    8    6
 -7.031987618762345e-10    8    2    8    7
 1.518547500462754e-08    8    2    8    8
 -1.456190990987273e-08    8    3    1    1
 6.141731500676787e-10    8    3    2    1
 -5.065852524649579e-08    8    3    2    2
 -1.41888498361665e-10    8    3    3    1
 1.18102086935373e-09    8    3    3    2
 -2.131444383883017e-07    8    3    3    3
 1.008335297020016e-11    8    3    4    1
 -1.560334539416074e-10    8    3    4    2
 1.017905885873374e-08    8    3    4    3
 1.840565159862132e-08    8    3    4    4
 -1.10336089310989e-12    8    3    5    1
 1.759386414543705e-11    8    3    5    2
 -7.131677914017618e-10    8    3    5    3
 4.009252580332117e-09    8    3    5    4
 1.899076397878225e-08    8    3    5    5
 9.118443264495218e-14    8    3    6    1
 -1.436169101218646e-12    8    3    6    2
 4.924410819881308e-11    8    3    6    3
 -3.046455755294026e-10    8    3    6    4
 3.703874594241437e-09    8    3    6    5
 1.908632064644467e-08    8    3    6    6
 -7.480052549287449e-15    8    3    7    1
 1.160332857678658e-13    8    3    7    2
 -3.538888875859609e-12    8    3    7    3
 2.369228640885765e-11    8    3    7    4
 -3.044790428871348e-10    8    3    7    5
 4.007267050053515e-09    8    3    7    6
 1.883881581117572e-08    8    3    7    7
 1.17123755669551e-15    8    3    8    1
 -1.73250218808969e-14    8    3    8    2
 3.738804205791793e-13    8    3    8    3
 -3.527665663225361e-12    8    3    8    4
 4.909977868923673e-11    8    3    8    5
 -7.116324182299797e-10    8    3    8    6
 1.017256188932315e-08    8    3    8    7
 -2.123620227192185e-07    8    3    8    8
 8.32083246703574e-08    8    4    1    1
 -1.257022724710683e-09    8    4    2    1
 1.930894354218911e-07    8    4    2    2
 6.428862441308823e-10    8    4    3    1
 -8.851043325201773e-09    8    4    3    2
 6.994575459203279e-07    8    4    3    3
 -1.564010210858254e-10    8    4    4    1
 1.98350042561231e-09    8    4    4    2
 -1.578033481408354e-08    8    4    4    3
 2.988663042356667e-06    8    4    4    4
 1.01360133060555e-11    8    4    5    1
 -1.480930546310247e-10    8    4    5    2
 2.317525788170201e-09    8    4    5    3
 -1.502417149904608e-07    8    4    5    4
 -4.457913533421029e-07    8    4    5    5
 -1.103360893334432e-12    8    4    6    1
 1.649299412365053e-11    8    4    6    2
 -2.639929246264718e-10    8    4    6    3
 1.057991359537799e-08    8    4    6    4
 -6.019873575326344e-08    8    4    6    5
 -4.903626205641824e-07    8    4    6    6
 9.657940053165048e-14    8    4    7    1
 -1.435118907821752e-12    8    4    7    2
 2.256702454178959e-11    8    4    7    3
 -7.465539146724833e-10    8    4    7    4
 4.844155531854831e-09    8    4    7    5
 -6.016769563972354e-08    8    4    7    6
 -4.514444541526555e-07    8    4    7    7
 -1.636061183005865e-14    8    4    8    1
 2.370290630349262e-13    8    4    8    2
 -3.527665663225364e-12    8    4    8    3
 7.840270347215317e-11    8    4    8    4
 -7.445566872704515e-10    8    4    8    5
 1.055764538660508e-08    8    4    8    6
 -1.501479158379912e-07    8    4    8    7
 2.978043793660475e-06    8    4    8    8
 -5.287341487153499e-07    8    5    1    1
 4.401518105460781e-09    8    5    2    1
 -1.029321469530582e-06    8    5    2    2
 -1.451138035633872e-09    8    5    3    1
 1.758835911386626e-08    8    5    3    2
 -2.491366849770474e-06    8    5    3    3
 6.505288878384973e-10    8    5    4    1
 -9.256742514337148e-09    8    5    4    2
 1.274466556284304e-07    8    5    4    3
 -9.59728645462946e-06    8    5    4    4
 -1.564010211263961e-10    8    5    5    1
 2.153757517522892e-09    8    5    5    2
 -2.679181691877276e-08    8    5    5    3
 1.952006877373997e-07    8    5    5    4
 -4.167798151607238e-05    8    5    5    5
 1.008335297593697e-11    8    5    6    1
 -1.480325535807678e-10    8    5    6    2
 2.184789232885658e-09    8    5    6    3
 -3.532492773720061e-08    8    5    6    4
 2.287463726396093e-06    8    5    6    5
 1.138709399496604e-05    8    5    6    6
 -1.190237886524364e-12    8    5    7    1
 1.757585589636127e-11    8    5    7    2
 -2.637660888195051e-10    8    5    7    3
 4.284030475064529e-09    8    5    7    4
 -1.651487649839402e-07    8    5    7    5
 9.747203996097265e-07    8    5    7    6
 1.144958277198727e-05    8    5    7    7
 2.33430885340139e-13    8    5    8    1
 -3.369734934894318e-12    8    5    8    2
 4.909977868923669e-11    8    5    8    3
 -7.445566872704516e-10    8    5    8    4
 1.727805021481417e-08    8    5    8    5
 -1.648461870339918e-07    8    5    8    6
 2.286285146404181e-06    8    5    8    7
 -4.154020820596619e-05    8    5    8    8
 3.268216919313567e-06    8    6    1    1
 -1.863995792214591e-08    8    6    2    1
 5.785762722262838e-06    8    6    2    2
 5.034102908743728e-09    8    6    3    1
 -5.63822636738103e-08    8    6    3    2
 1.175619578042017e-05    8    6    3    3
 -1.451138035643439e-09    8    6    4    1
 1.930023609703784e-08    8    6    4    2
 -2.354459640349032e-07    8    6    4    3
 3.032202841370757e-05    8    6    4    4
 6.428862442618996e-10    8    6    5    1
 -9.252520981374106e-09    8    6    5    2
 1.317995227587212e-07    8    6    5    3
 -1.837655206892571e-06    8    6    5    4
 0.0001286076293485295    8    6    5    5
 -1.418884982365905e-10    8    6    6    1
 1.980916179674541e-09    8    6    6    2
 -2.676164973603171e-08    8    6    6    3
 3.193102906771594e-07    8    6    6    4
 -1.620886390334648e-06    8    6    6    5
 0.0005589778299729132    8    6    6    6
 1.060551691759159e-11    8    6    7    1
 -1.556562704401487e-10    8    6    7    2
 2.31232305283603e-09    8    6    7    3
 -3.526287780867237e-08    8    6    7    4
 6.041681033740367e-07    8    6    7    5
 -3.737575606135088e-05    8    6    7    6
 -0.0002951731802790248    8    6    7    7
 -3.404800969470361e-12    8    6    8    1
 4.901920341980294e-11    8    6    8    2
 -7.116324182299799e-10    8    6    8    3
 1.05576453866051e-08    8    6    8    4
 -1.648461870339924e-07    8    6    8    5
 4.108701532987786e-06    8    6    8    6
 -3.73717078655733e-05    8    6    8    7
 0.0005575273304772798    8    6    8    8
 -1.728419587026941e-05    8    7    1    1
 7.63498759790327e-08    8    7    2    1
 -2.890230073971509e-05    8    7    2    2
 -1.863995792213965e-08    8    7    3    1
 1.992414423623808e-07    8    7    3    2
 -5.350895656324192e-05    8    7    3    3
 4.401518105494912e-09    8    7    4    1
 -5.600493387073884e-08    8    7    4    2
 6.340149213144787e-07    8    7    4    3
 -0.0001159017860657634    8    7    4    4
 -1.257022725047969e-09    8    7    5    1
 1.748881039008127e-08    8    7    5    2
 -2.34476835572541e-07    8    7    5    3
 2.931198854236273e-06    8    7    5    4
 -0.000329479768292806    8    7    5    5
 6.141731496460479e-10    8    7    6    1
 -8.82980931458726e-09    8    7    6    2
 1.271651757612672e-07    8    7    6    3
 -1.834566602714863e-06    8    7    6    4
 2.61363297760718e-05    8    7    6    5
 -0.001636972529710008    8    7    6    6
 -8.504169687352336e-11    8    7    7    1
 1.167703712561643e-09    8    7    7    2
 -1.559154547162121e-08    8    7    7    3
 1.925943268000912e-07    8    7    7    4
 -1.589425179866584e-06    8    7    7    5
 -2.864887205455978e-05    8    7    7    6
 -0.006340876177506084    8    7    7    7
 4.897868418179245e-11    8    7    8    1
 -7.031987618762342e-10    8    7    8    2
 1.017256188932315e-08    8    7    8    3
 -1.501479158379912e-07    8    7    8    4
 2.286285146404184e-06    8    7    8    5
 -3.737170786557335e-05    8    7    8    6
 0.00107943266587804    8    7    8    7
 -0.006346400683708722    8    7    8    8
 0.03568821769564049    8    8    1    1
 -1.728419587026638e-05    8    8    2    1
 0.04164769798142962    8    8    2    2
 3.268216919323993e-06    8    8    3    1
 -3.023215338419698e-05    8    8    3    2
 0.04997251097790621    8    8    3    3
 -5.287341487411258e-07    8    8    4    1
 5.898541902767991e-06    8    8    4    2
 -5.547178630291552e-05    8    8    4    3
 0.06245655996493903    8    8    4    4
 8.320832478430509e-08    8    8    5    1
 -1.040496809734672e-06    8    8    5    2
 1.193380318347459e-05    8    8    5    3
 -0.0001190520894517763    8    8    5    4
 0.08325627011787373    8    8    5    5
 -1.456190987733058e-08    8    8    6    1
 1.944355494094887e-07    8    8    6    2
 -2.511389203204468e-06    8    8    6    3
 3.063972671400556e-05    8    8    6    4
 -0.0003353060937545198    8    8    6    5
 0.1248491209942462    8    8    6    6
 3.657987144933259e-09    8    8    7    1
 -5.088229766769014e-08    8    8    7    2
 7.026372995136399e-07    8    8    7    3
 -9.643598697443297e-06    8    8    7    4
 0.0001293345294786349    8    8    7    5
 -0.001650803193449252    8    8    7    6
 0.2485186455494304    8    8    7    7
 -1.08317055752229e-09    8    8    8    1
 1.518547500462751e-08    8    8    8    2
 -2.123620227192182e-07    8    8    8    3
 2.978043793660471e-06    8    8    8    4
 -4.154020820596612e-05    8    8    8    5
 0.0005575273304772791    8    8    8    6
 -0.006346400683708718    8    8    8    7
 0.7788677501312946    8    8    8    8
 -1.114418051019197    1    1  0  0
 -0.04266419278626518    2    1  0  0
 -1.325391339331968    2    2  0  0
 0.003078540062177248    3    1  0  0
 -0.04125499165243162    3    2  0  0
 -1.408699050144247    3    3  0  0
 -0.0002348451847666579    4    1  0  0
 0.002971134495364223    4    2  0  0
 -0.04095090811007693    4    3  0  0
 -1.442027527001929    4    4  0  0
 1.788825579011848e-05    5    1  0  0
 -0.0002272142175474116    5    2  0  0
 0.002946465817374445    5    3  0  0
 -0.04088718664642431    5    4  0  0
 -1.442027527001929    5    5  0  0
 -1.363689093748631e-06    6    1  0  0
 1.738511356867249e-05    6    2  0  0
 -0.0002257498461882481    6    3  0  0
 0.002946465817374504    6    4  0  0
 -0.04095090811007549    6    5  0  0
 -1.408699050144242    6    6  0  0
 1.044900388837779e-07    7    1  0  0
 -1.336411271247335e-06    7    2  0  0
 1.738511356777651e-05    7    3  0  0
 -0.0002272142175473041    7    4  0  0
 0.002971134495364856    7    5  0  0
 -0.04125499165243231    7    6  0  0
 -1.325391339331971    7    7  0  0
 -8.129957962423161e-09    8    1  0  0
 1.044900401279683e-07    8    2  0  0
 -1.36368909329784e-06    8    3  0  0
 1.788825579252957e-05    8    4  0  0
 -0.0002348451847672793    8    5  0  0
 0.003078540062177534    8    6  0  0
 -0.04266419278626511    8    7  0  0
 -1.114418051019196    8    8  0  0
 3.435714285714285  0  0  0  0
