4.6573960846e-01 7.6855872806e-03 6.3591722953e-01 4.9392893878e-03 5.4321759763e-01 9.6730321902e-03 3.0938738194e-01 4.1945716723e-03 -2.6363079288e-02 5.0205250882e-03 -4.9764598221e-02 4.6591599740e-03 -4.9910416133e-02 4.1916727423e-03 -3.4526950377e-02 5.4160171571e-03 
1.0297390182e-01 6.0711285036e-03 9.0842312360e-02 4.5670471933e-03 1.4365208548e-02 2.8360278592e-03 -2.3730105962e-02 2.1522752262e-03 3.3259437600e-01 1.8439222458e-03 5.7849660176e-01 2.2198159878e-03 6.2100908615e-01 2.7510806688e-03 4.0849594920e-01 9.4901425889e-03 
6.0665472430e-01 8.3987608058e-03 2.3271902573e-01 4.4566467996e-03 -4.7526995820e-01 7.5115382301e-03 -5.7733991736e-01 6.0123315674e-03 2.6858207583e-02 4.8035583288e-03 -8.3832785449e-03 9.1389379725e-03 -8.3052840819e-02 3.1237557345e-03 -8.9198456610e-02 9.8335046762e-03 
1.1880567638e-01 1.6271068859e-03 -1.5270036627e-02 6.8437762789e-03 -7.1773683231e-02 4.6799362028e-03 8.0990150262e-03 6.5684980467e-03 -5.5156713053e-01 9.5114565331e-03 -4.4494556707e-01 5.1638095468e-03 2.9979022102e-01 8.3489366676e-03 6.2117337203e-01 6.3519896324e-03 
5.5553925537e-01 2.2055769223e-03 -4.6428662517e-01 5.8923819784e-03 -2.7027735180e-01 1.1626978172e-03 6.3169920819e-01 7.8703645436e-03 2.2011465478e-03 2.7761032721e-03 7.4630755287e-02 9.6635653476e-03 1.8152574513e-02 1.8188008905e-03 -1.0854699436e-01 2.6083978583e-03 
9.1089596419e-02 4.8081845226e-03 -8.8949893174e-02 2.0085566889e-03 4.3860006740e-02 4.9186706114e-03 2.0252798884e-02 9.3834826413e-03 6.0818750340e-01 4.9371209352e-03 -2.3194046553e-01 7.5030345610e-03 -4.6594751015e-01 6.2042922037e-03 5.8181066051e-01 2.4606654009e-03 
3.0487919567e-01 3.2830462834e-03 -5.4625836853e-01 3.6297245846e-03 6.3886787652e-01 7.0030094268e-03 -4.1901808056e-01 5.5147301603e-03 -9.4628086433e-03 3.1301278716e-03 -3.2409047194e-02 2.2898856822e-03 1.0491946169e-01 2.1306810700e-04 -7.5302178555e-02 9.1099028754e-03 
3.8549681471e-02 9.7741201556e-03 -5.2579850145e-02 6.4344328508e-03 6.5596370589e-02 7.8981448585e-04 -3.9518539846e-02 9.1524192830e-03 -4.6397887677e-01 9.4090802427e-03 6.3608978858e-01 8.9164323379e-03 -5.2915724756e-01 2.9734481861e-03 2.9894562405e-01 1.4529990614e-03 
6.9421944718e-03 3.1975959180e-02 7.9258396100e-03 -5.1462531053e-02 5.2774091610e-03 6.8574939610e-02 5.6966995919e-03 -4.0785010736e-02 2.5951578878e-03 -4.6049138131e-01 6.4737340941e-03 6.3576470630e-01 9.7203146966e-03 -5.3142839670e-01 3.6816405216e-03 3.0412700316e-01 
5.8414694990e-03 3.0721165582e-01 6.0670551020e-04 -5.4945853332e-01 7.4062234533e-03 6.3383709465e-01 5.4537697217e-03 -4.1605371754e-01 4.0814053267e-03 -6.6177918351e-03 5.2182027392e-03 -3.2701393824e-02 4.3991367366e-03 9.8231880794e-02 5.4928250202e-03 -7.6639528536e-02 
3.9162148783e-03 8.3741037652e-02 7.4446680678e-03 -9.4052495661e-02 1.5266526498e-03 3.5378826756e-02 3.3548327254e-03 2.6876250764e-02 7.0524663113e-03 6.0887263339e-01 8.5379931474e-03 -2.3060571308e-01 3.2730033297e-03 -4.6861925944e-01 5.1011647524e-03 5.8374998667e-01 
3.9377956141e-03 5.5399640134e-01 6.3442761842e-03 -4.6620730802e-01 8.4528642185e-03 -2.6424397850e-01 3.7955211294e-03 6.2477925476e-01 9.7263486162e-03 2.9157888560e-03 6.6019351397e-03 6.9621110068e-02 1.3280885680e-03 1.9132080001e-02 8.0403392598e-03 -1.1519972144e-01 
1.9710619727e-03 1.1387352255e-01 6.7321299856e-03 -2.0425350212e-02 9.1338649901e-03 -6.4298550541e-02 4.7471953451e-03 1.4109888968e-02 8.5665639573e-03 -5.4767074759e-01 2.0008648255e-03 -4.4348295437e-01 5.9977432801e-03 3.0249066360e-01 8.9380248346e-03 6.2184397099e-01 
5.8019697220e-03 6.0466909165e-01 2.3100559614e-04 2.2866313507e-01 2.0850199396e-04 -4.7060399490e-01 5.3783563428e-03 -5.7686421103e-01 2.5132432489e-03 2.7004665257e-02 3.3039419005e-03 -4.0032887259e-03 3.4396147031e-04 -8.8419239009e-02 4.2965874737e-03 -9.3653889403e-02 
2.0334366490e-03 1.0344104614e-01 4.0960862478e-03 8.3138649699e-02 9.5200722142e-05 1.5614433897e-02 5.6001558171e-03 -2.0772595176e-02 7.6965995928e-03 3.3245074662e-01 4.5442214642e-04 5.8569877202e-01 5.3343183175e-03 6.2431315174e-01 5.3433335222e-03 4.0642384195e-01 
3.7889123644e-03 4.6657372646e-01 7.2615973959e-03 6.3875690012e-01 6.0974586124e-04 5.4474793880e-01 8.6208967917e-03 3.0671331090e-01 3.1484340583e-03 -3.0790349664e-02 9.6577445628e-03 -4.8771218882e-02 4.6030514339e-03 -5.6291382425e-02 9.6993608285e-03 -3.5439499765e-02 
