7.9029048728e-03 8.7589522602e-03 1.9521148598e-02 1.1170379812e-02 6.6457906126e-03 1.5126166000e-02 1.1055091362e-02 1.3142808362e-02 8.6188112135e-03 1.0244612273e-02 1.1428579265e-02 1.6631190807e-02 1.3658329375e-02 -6.5528094760e-03 1.1070808824e-01 1.0155263254e+00 
-4.6415374493e-03 6.4516313466e-03 3.6762012717e-03 1.6370125281e-03 6.9688752557e-04 7.1155935219e-03 7.4786598994e-03 6.4086694200e-03 2.1834955103e-03 1.3024268653e-03 6.5276389932e-03 1.1461626454e-03 1.8336280158e-02 9.1759647426e-02 2.0301761698e-02 1.1530281574e-01 
-1.1524812069e-02 3.0037888226e-03 1.3139448795e-03 -7.1375251248e-04 -3.3972948013e-04 -2.7217504495e-03 -4.8999830300e-03 5.8909969565e-03 5.1446317537e-03 2.1858144996e-03 -2.9900654253e-03 -3.1232089140e-03 9.4845592340e-02 9.8432366686e-01 9.1942174242e-02 -2.1113876030e-03 
-5.1466896181e-03 9.0124275791e-04 1.0757186221e-02 4.6955442387e-03 3.0169143822e-03 2.1988924985e-03 7.4661421451e-03 5.0279682001e-03 6.5004760125e-03 4.9869587687e-03 1.8384114452e-02 9.9005516453e-02 1.9967415856e-02 1.0276183929e-01 9.8751506380e-03 1.6018658135e-02 
3.8717722441e-04 1.0607944185e-02 1.2021514297e-02 7.4447139927e-03 6.7770967148e-03 1.1265704788e-02 1.3846340044e-02 9.5785583798e-03 4.0047433195e-05 2.4928009765e-04 1.0622178506e-01 9.9380060440e-01 1.0406930178e-01 1.4260789106e-03 2.4978306131e-03 1.0839025998e-02 
-1.7940177499e-03 7.4561210089e-03 1.0012166179e-02 7.9750406898e-03 -6.0084908675e-03 2.4790101560e-03 2.1266429497e-03 9.0085147444e-03 1.3504926495e-02 9.6675378466e-02 2.6482519735e-02 1.0008686763e-01 1.0636830717e-02 1.0816659648e-02 1.1188192143e-02 2.3217967083e-02 
3.2664283596e-03 2.8221202571e-04 7.3443325972e-03 2.5802250950e-04 -4.4680703198e-03 1.6317637289e-03 7.8834487738e-03 -2.2006866606e-03 9.8982847188e-02 9.7880315198e-01 8.8617230270e-02 1.7716544310e-03 7.3937116771e-03 6.5595087662e-04 1.2621477815e-02 2.1597989209e-02 
-1.0945172413e-02 3.1638408606e-03 5.5345026293e-03 5.7733374366e-03 -3.4810500332e-03 3.8701789763e-03 9.4024836021e-03 8.9245783957e-03 1.7894513334e-02 1.0415360664e-01 1.3269751728e-02 5.3805657640e-03 1.0346664321e-02 6.6485854123e-03 6.1677773113e-03 1.1103073063e-02 
3.1076842594e-03 7.5010409685e-03 5.0644143091e-03 1.3350571023e-03 2.8009502510e-03 -4.1051456543e-03 -8.9309019003e-02 -7.5482035043e-03 5.9221924226e-04 1.4049079337e-03 2.1370882095e-03 1.2082953763e-02 3.0321614522e-04 4.8919232861e-03 4.8513667115e-03 1.4376157270e-02 
-3.5027269062e-04 9.0460110298e-04 3.1180463343e-03 1.2521442085e-02 1.0059870651e-02 -8.8261465806e-02 -9.6908009093e-01 -9.5887065761e-02 6.2352096396e-03 9.4716441961e-03 5.0606122754e-03 8.8356586052e-03 1.6144836533e-03 3.1520053364e-03 7.1918855666e-03 1.6365574306e-02 
-2.3157035702e-04 3.7751403921e-03 8.8756909427e-03 -6.1098934079e-03 -8.9197659452e-02 -1.7888751015e-02 -8.1235219217e-02 -2.4022771329e-03 4.5563102293e-03 -2.4578458078e-03 6.9726530420e-03 9.6894072659e-03 5.2223469061e-03 8.2665492167e-03 1.1447460892e-03 9.5041160662e-03 
-2.3446153379e-03 6.9716043084e-03 1.3036132716e-02 -9.2540339973e-02 -9.8831204072e-01 -8.3205661374e-02 1.5823115626e-02 1.6536014300e-03 -4.5395287657e-04 -8.1077759562e-04 5.7728796688e-03 8.9621298401e-03 1.5878070789e-03 -9.4095445310e-04 7.1957277871e-03 1.7473654743e-02 
-6.3426361747e-03 -4.5485122989e-03 -7.8139711952e-02 -1.6886039678e-02 -8.9468696983e-02 -6.2824225095e-03 3.8237942895e-03 8.9520773550e-03 1.5990043990e-03 5.6148500178e-03 4.7306204022e-03 2.7643846169e-03 6.1886142978e-03 -4.7208272943e-03 2.2074166850e-03 1.5081016564e-02 
9.4256678679e-03 -8.3688246179e-02 -9.6824155521e-01 -8.7945557690e-02 8.6251816079e-03 5.0557942047e-03 2.9458810262e-03 1.3318867363e-03 8.5101461573e-03 7.9932692405e-03 2.7174965328e-03 8.7885840994e-03 1.0164744097e-02 1.3043815034e-03 3.4257656237e-03 6.3497600854e-03 
-9.4112233274e-02 -1.8132615351e-02 -8.0753652507e-02 -4.6148583239e-03 4.7077603610e-03 4.2970460737e-03 5.1460940704e-03 6.4108990034e-04 5.9074863152e-03 8.2497236326e-04 7.4118857308e-04 7.6366481877e-03 2.9714976869e-03 2.0033292450e-04 5.3698875049e-03 1.0903955140e-02 
-1.0122182016e+00 -9.7985166772e-02 1.0464744205e-02 -8.3304276851e-03 -8.7545404741e-03 -8.4837990802e-03 -1.1344731161e-02 8.7041310522e-04 -4.9015362721e-03 -1.1229134004e-02 -5.3808565551e-03 -3.8773740079e-03 -1.0986940710e-02 5.2383923151e-04 -2.2366893058e-03 7.5311565022e-03 
